000 100 (720,1280,3) 00000001
001 100 (720,1280,3) 00000001
002 100 (720,1280,3) 00000001
003 100 (720,1280,3) 00000001
004 100 (720,1280,3) 00000001
005 100 (720,1280,3) 00000001
006 100 (720,1280,3) 00000001
007 100 (720,1280,3) 00000001
008 100 (720,1280,3) 00000001
009 100 (720,1280,3) 00000001
010 100 (720,1280,3) 00000001
011 100 (720,1280,3) 00000001
012 100 (720,1280,3) 00000001
013 100 (720,1280,3) 00000001
014 100 (720,1280,3) 00000001
015 100 (720,1280,3) 00000001
016 100 (720,1280,3) 00000001
017 100 (720,1280,3) 00000001
018 100 (720,1280,3) 00000001
019 100 (720,1280,3) 00000001
020 100 (720,1280,3) 00000001
021 100 (720,1280,3) 00000001
022 100 (720,1280,3) 00000001
023 100 (720,1280,3) 00000001
024 100 (720,1280,3) 00000001
025 100 (720,1280,3) 00000001
026 100 (720,1280,3) 00000001
027 100 (720,1280,3) 00000001
028 100 (720,1280,3) 00000001
029 100 (720,1280,3) 00000001
030 100 (720,1280,3) 00000001
031 100 (720,1280,3) 00000001
032 100 (720,1280,3) 00000001
033 100 (720,1280,3) 00000001
034 100 (720,1280,3) 00000001
035 100 (720,1280,3) 00000001
036 100 (720,1280,3) 00000001
037 100 (720,1280,3) 00000001
038 100 (720,1280,3) 00000001
039 100 (720,1280,3) 00000001
040 100 (720,1280,3) 00000001
041 100 (720,1280,3) 00000001
042 100 (720,1280,3) 00000001
043 100 (720,1280,3) 00000001
044 100 (720,1280,3) 00000001
045 100 (720,1280,3) 00000001
046 100 (720,1280,3) 00000001
047 100 (720,1280,3) 00000001
048 100 (720,1280,3) 00000001
049 100 (720,1280,3) 00000001
050 100 (720,1280,3) 00000001
051 100 (720,1280,3) 00000001
052 100 (720,1280,3) 00000001
053 100 (720,1280,3) 00000001
054 100 (720,1280,3) 00000001
055 100 (720,1280,3) 00000001
056 100 (720,1280,3) 00000001
057 100 (720,1280,3) 00000001
058 100 (720,1280,3) 00000001
059 100 (720,1280,3) 00000001
060 100 (720,1280,3) 00000001
061 100 (720,1280,3) 00000001
062 100 (720,1280,3) 00000001
063 100 (720,1280,3) 00000001
064 100 (720,1280,3) 00000001
065 100 (720,1280,3) 00000001
066 100 (720,1280,3) 00000001
067 100 (720,1280,3) 00000001
068 100 (720,1280,3) 00000001
069 100 (720,1280,3) 00000001
070 100 (720,1280,3) 00000001
071 100 (720,1280,3) 00000001
072 100 (720,1280,3) 00000001
073 100 (720,1280,3) 00000001
074 100 (720,1280,3) 00000001
075 100 (720,1280,3) 00000001
076 100 (720,1280,3) 00000001
077 100 (720,1280,3) 00000001
078 100 (720,1280,3) 00000001
079 100 (720,1280,3) 00000001
080 100 (720,1280,3) 00000001
081 100 (720,1280,3) 00000001
082 100 (720,1280,3) 00000001
083 100 (720,1280,3) 00000001
084 100 (720,1280,3) 00000001
085 100 (720,1280,3) 00000001
086 100 (720,1280,3) 00000001
087 100 (720,1280,3) 00000001
088 100 (720,1280,3) 00000001
089 100 (720,1280,3) 00000001
090 100 (720,1280,3) 00000001
091 100 (720,1280,3) 00000001
092 100 (720,1280,3) 00000001
093 100 (720,1280,3) 00000001
094 100 (720,1280,3) 00000001
095 100 (720,1280,3) 00000001
096 100 (720,1280,3) 00000001
097 100 (720,1280,3) 00000001
098 100 (720,1280,3) 00000001
099 100 (720,1280,3) 00000001
100 100 (720,1280,3) 00000001
101 100 (720,1280,3) 00000001
102 100 (720,1280,3) 00000001
103 100 (720,1280,3) 00000001
104 100 (720,1280,3) 00000001
105 100 (720,1280,3) 00000001
106 100 (720,1280,3) 00000001
107 100 (720,1280,3) 00000001
108 100 (720,1280,3) 00000001
109 100 (720,1280,3) 00000001
110 100 (720,1280,3) 00000001
111 100 (720,1280,3) 00000001
112 100 (720,1280,3) 00000001
113 100 (720,1280,3) 00000001
114 100 (720,1280,3) 00000001
115 100 (720,1280,3) 00000001
116 100 (720,1280,3) 00000001
117 100 (720,1280,3) 00000001
118 100 (720,1280,3) 00000001
119 100 (720,1280,3) 00000001
120 100 (720,1280,3) 00000001
121 100 (720,1280,3) 00000001
122 100 (720,1280,3) 00000001
123 100 (720,1280,3) 00000001
124 100 (720,1280,3) 00000001
125 100 (720,1280,3) 00000001
126 100 (720,1280,3) 00000001
127 100 (720,1280,3) 00000001
128 100 (720,1280,3) 00000001
129 100 (720,1280,3) 00000001
130 100 (720,1280,3) 00000001
131 100 (720,1280,3) 00000001
132 100 (720,1280,3) 00000001
133 100 (720,1280,3) 00000001
134 100 (720,1280,3) 00000001
135 100 (720,1280,3) 00000001
136 100 (720,1280,3) 00000001
137 100 (720,1280,3) 00000001
138 100 (720,1280,3) 00000001
139 100 (720,1280,3) 00000001
140 100 (720,1280,3) 00000001
141 100 (720,1280,3) 00000001
142 100 (720,1280,3) 00000001
143 100 (720,1280,3) 00000001
144 100 (720,1280,3) 00000001
145 100 (720,1280,3) 00000001
146 100 (720,1280,3) 00000001
147 100 (720,1280,3) 00000001
148 100 (720,1280,3) 00000001
149 100 (720,1280,3) 00000001
150 100 (720,1280,3) 00000001
151 100 (720,1280,3) 00000001
152 100 (720,1280,3) 00000001
153 100 (720,1280,3) 00000001
154 100 (720,1280,3) 00000001
155 100 (720,1280,3) 00000001
156 100 (720,1280,3) 00000001
157 100 (720,1280,3) 00000001
158 100 (720,1280,3) 00000001
159 100 (720,1280,3) 00000001
160 100 (720,1280,3) 00000001
161 100 (720,1280,3) 00000001
162 100 (720,1280,3) 00000001
163 100 (720,1280,3) 00000001
164 100 (720,1280,3) 00000001
165 100 (720,1280,3) 00000001
166 100 (720,1280,3) 00000001
167 100 (720,1280,3) 00000001
168 100 (720,1280,3) 00000001
169 100 (720,1280,3) 00000001
170 100 (720,1280,3) 00000001
171 100 (720,1280,3) 00000001
172 100 (720,1280,3) 00000001
173 100 (720,1280,3) 00000001
174 100 (720,1280,3) 00000001
175 100 (720,1280,3) 00000001
176 100 (720,1280,3) 00000001
177 100 (720,1280,3) 00000001
178 100 (720,1280,3) 00000001
179 100 (720,1280,3) 00000001
180 100 (720,1280,3) 00000001
181 100 (720,1280,3) 00000001
182 100 (720,1280,3) 00000001
183 100 (720,1280,3) 00000001
184 100 (720,1280,3) 00000001
185 100 (720,1280,3) 00000001
186 100 (720,1280,3) 00000001
187 100 (720,1280,3) 00000001
188 100 (720,1280,3) 00000001
189 100 (720,1280,3) 00000001
190 100 (720,1280,3) 00000001
191 100 (720,1280,3) 00000001
192 100 (720,1280,3) 00000001
193 100 (720,1280,3) 00000001
194 100 (720,1280,3) 00000001
195 100 (720,1280,3) 00000001
196 100 (720,1280,3) 00000001
197 100 (720,1280,3) 00000001
198 100 (720,1280,3) 00000001
199 100 (720,1280,3) 00000001
200 100 (720,1280,3) 00000001
201 100 (720,1280,3) 00000001
202 100 (720,1280,3) 00000001
203 100 (720,1280,3) 00000001
204 100 (720,1280,3) 00000001
205 100 (720,1280,3) 00000001
206 100 (720,1280,3) 00000001
207 100 (720,1280,3) 00000001
208 100 (720,1280,3) 00000001
209 100 (720,1280,3) 00000001
210 100 (720,1280,3) 00000001
211 100 (720,1280,3) 00000001
212 100 (720,1280,3) 00000001
213 100 (720,1280,3) 00000001
214 100 (720,1280,3) 00000001
215 100 (720,1280,3) 00000001
216 100 (720,1280,3) 00000001
217 100 (720,1280,3) 00000001
218 100 (720,1280,3) 00000001
219 100 (720,1280,3) 00000001
220 100 (720,1280,3) 00000001
221 100 (720,1280,3) 00000001
222 100 (720,1280,3) 00000001
223 100 (720,1280,3) 00000001
224 100 (720,1280,3) 00000001
225 100 (720,1280,3) 00000001
226 100 (720,1280,3) 00000001
227 100 (720,1280,3) 00000001
228 100 (720,1280,3) 00000001
229 100 (720,1280,3) 00000001
230 100 (720,1280,3) 00000001
231 100 (720,1280,3) 00000001
232 100 (720,1280,3) 00000001
233 100 (720,1280,3) 00000001
234 100 (720,1280,3) 00000001
235 100 (720,1280,3) 00000001
236 100 (720,1280,3) 00000001
237 100 (720,1280,3) 00000001
238 100 (720,1280,3) 00000001
239 100 (720,1280,3) 00000001